200000000
5 30
2800 3500
1400 4800
2900 2800
500 3800
3300 4700
2 2 13 4 15
4 4 1 1 22 3 17 5 22
1 3 2
1 3 6
4 1 11 2 5 3 7 5 15
1 5 1
4 2 26 1 21 3 8 5 26
2 3 5 2 26
4 2 30 4 12 3 7 5 14
3 3 8 2 20 5 3
1 5 30
2 1 29 3 3
5 3 3 1 20 5 26 4 9 2 25
3 1 2 2 16 3 5
2 5 5 4 26
5 2 18 5 10 4 18 1 12 3 30
3 2 5 3 27 5 4
4 3 2 4 8 1 20 2 6
3 2 14 1 1 4 22
5 2 23 3 26 1 27 5 3 4 6
1 2 16
4 1 13 4 10 2 23 5 2
1 1 14
1 2 20
1 3 14
2 3 21 1 22
1 2 27
3 5 24 1 26 3 13
5 4 15 3 3 2 21 1 5 5 16
4 2 22 5 1 4 10 1 30200000000
5 30
2800 3500
1400 4800
2900 2800
500 3800
3300 4700
2 2 13 4 15
4 4 1 1 22 3 17 5 22
1 3 2
1 3 6
4 1 11 2 5 3 7 5 15
1 5 1
4 2 26 1 21 3 8 5 26
2 3 5 2 26
4 2 30 4 12 3 7 5 14
3 3 8 2 20 5 3
1 5 30
2 1 29 3 3
5 3 3 1 20 5 26 4 9 2 25
3 1 2 2 16 3 5
2 5 5 4 26
5 2 18 5 10 4 18 1 12 3 30
3 2 5 3 27 5 4
4 3 2 4 8 1 20 2 6
3 2 14 1 1 4 22
5 2 23 3 26 1 27 5 3 4 6
1 2 16
4 1 13 4 10 2 23 5 2
1 1 14
1 2 20
1 3 14
2 3 21 1 22
1 2 27
3 5 24 1 26 3 13
5 4 15 3 3 2 21 1 5 5 16
4 2 22 5 1 4 10 1 30200000000
5 30
2800 3500
1400 4800
2900 2800
500 3800
3300 4700
2 2 13 4 15
4 4 1 1 22 3 17 5 22
1 3 2
1 3 6
4 1 11 2 5 3 7 5 15
1 5 1
4 2 26 1 21 3 8 5 26
2 3 5 2 26
4 2 30 4 12 3 7 5 14
3 3 8 2 20 5 3
1 5 30
2 1 29 3 3
5 3 3 1 20 5 26 4 9 2 25
3 1 2 2 16 3 5
2 5 5 4 26
5 2 18 5 10 4 18 1 12 3 30
3 2 5 3 27 5 4
4 3 2 4 8 1 20 2 6
3 2 14 1 1 4 22
5 2 23 3 26 1 27 5 3 4 6
1 2 16
4 1 13 4 10 2 23 5 2
1 1 14
1 2 20
1 3 14
2 3 21 1 22
1 2 27
3 5 24 1 26 3 13
5 4 15 3 3 2 21 1 5 5 16
4 2 22 5 1 4 10 1 30200000000
5 30
2800 3500
1400 4800
2900 2800
500 3800
3300 4700
2 2 13 4 15
4 4 1 1 22 3 17 5 22
1 3 2
1 3 6
4 1 11 2 5 3 7 5 15
1 5 1
4 2 26 1 21 3 8 5 26
2 3 5 2 26
4 2 30 4 12 3 7 5 14
3 3 8 2 20 5 3
1 5 30
2 1 29 3 3
5 3 3 1 20 5 26 4 9 2 25
3 1 2 2 16 3 5
2 5 5 4 26
5 2 18 5 10 4 18 1 12 3 30
3 2 5 3 27 5 4
4 3 2 4 8 1 20 2 6
3 2 14 1 1 4 22
5 2 23 3 26 1 27 5 3 4 6
1 2 16
4 1 13 4 10 2 23 5 2
1 1 14
1 2 20
1 3 14
2 3 21 1 22
1 2 27
3 5 24 1 26 3 13
5 4 15 3 3 2 21 1 5 5 16
4 2 22 5 1 4 10 1 30200000000
5 30
2800 3500
1400 4800
2900 2800
500 3800
3300 4700
2 2 13 4 15
4 4 1 1 22 3 17 5 22
1 3 2
1 3 6
4 1 11 2 5 3 7 5 15
1 5 1
4 2 26 1 21 3 8 5 26
2 3 5 2 26
4 2 30 4 12 3 7 5 14
3 3 8 2 20 5 3
1 5 30
2 1 29 3 3
5 3 3 1 20 5 26 4 9 2 25
3 1 2 2 16 3 5
2 5 5 4 26
5 2 18 5 10 4 18 1 12 3 30
3 2 5 3 27 5 4
4 3 2 4 8 1 20 2 6
3 2 14 1 1 4 22
5 2 23 3 26 1 27 5 3 4 6
1 2 16
4 1 13 4 10 2 23 5 2
1 1 14
1 2 20
1 3 14
2 3 21 1 22
1 2 27
3 5 24 1 26 3 13
5 4 15 3 3 2 21 1 5 5 16
4 2 22 5 1 4 10 1 30200000000
5 30
2800 3500
1400 4800
2900 2800
500 3800
3300 4700
2 2 13 4 15
4 4 1 1 22 3 17 5 22
1 3 2
1 3 6
4 1 11 2 5 3 7 5 15
1 5 1
4 2 26 1 21 3 8 5 26
2 3 5 2 26
4 2 30 4 12 3 7 5 14
3 3 8 2 20 5 3
1 5 30
2 1 29 3 3
5 3 3 1 20 5 26 4 9 2 25
3 1 2 2 16 3 5
2 5 5 4 26
5 2 18 5 10 4 18 1 12 3 30
3 2 5 3 27 5 4
4 3 2 4 8 1 20 2 6
3 2 14 1 1 4 22
5 2 23 3 26 1 27 5 3 4 6
1 2 16
4 1 13 4 10 2 23 5 2
1 1 14
1 2 20
1 3 14
2 3 21 1 22
1 2 27
3 5 24 1 26 3 13
5 4 15 3 3 2 21 1 5 5 16
4 2 22 5 1 4 10 1 30200000000
5 30
2800 3500
1400 4800
2900 2800
500 3800
3300 4700
2 2 13 4 15
4 4 1 1 22 3 17 5 22
1 3 2
1 3 6
4 1 11 2 5 3 7 5 15
1 5 1
4 2 26 1 21 3 8 5 26
2 3 5 2 26
4 2 30 4 12 3 7 5 14
3 3 8 2 20 5 3
1 5 30
2 1 29 3 3
5 3 3 1 20 5 26 4 9 2 25
3 1 2 2 16 3 5
2 5 5 4 26
5 2 18 5 10 4 18 1 12 3 30
3 2 5 3 27 5 4
4 3 2 4 8 1 20 2 6
3 2 14 1 1 4 22
5 2 23 3 26 1 27 5 3 4 6
1 2 16
4 1 13 4 10 2 23 5 2
1 1 14
1 2 20
1 3 14
2 3 21 1 22
1 2 27
3 5 24 1 26 3 13
5 4 15 3 3 2 21 1 5 5 16
4 2 22 5 1 4 10 1 30200000000
5 30
2800 3500
1400 4800
2900 2800
500 3800
3300 4700
2 2 13 4 15
4 4 1 1 22 3 17 5 22
1 3 2
1 3 6
4 1 11 2 5 3 7 5 15
1 5 1
4 2 26 1 21 3 8 5 26
2 3 5 2 26
4 2 30 4 12 3 7 5 14
3 3 8 2 20 5 3
1 5 30
2 1 29 3 3
5 3 3 1 20 5 26 4 9 2 25
3 1 2 2 16 3 5
2 5 5 4 26
5 2 18 5 10 4 18 1 12 3 30
3 2 5 3 27 5 4
4 3 2 4 8 1 20 2 6
3 2 14 1 1 4 22
5 2 23 3 26 1 27 5 3 4 6
1 2 16
4 1 13 4 10 2 23 5 2
1 1 14
1 2 20
1 3 14
2 3 21 1 22
1 2 27
3 5 24 1 26 3 13
5 4 15 3 3 2 21 1 5 5 16
4 2 22 5 1 4 10 1 30200000000
5 30
2800 3500
1400 4800
2900 2800
500 3800
3300 4700
2 2 13 4 15
4 4 1 1 22 3 17 5 22
1 3 2
1 3 6
4 1 11 2 5 3 7 5 15
1 5 1
4 2 26 1 21 3 8 5 26
2 3 5 2 26
4 2 30 4 12 3 7 5 14
3 3 8 2 20 5 3
1 5 30
2 1 29 3 3
5 3 3 1 20 5 26 4 9 2 25
3 1 2 2 16 3 5
2 5 5 4 26
5 2 18 5 10 4 18 1 12 3 30
3 2 5 3 27 5 4
4 3 2 4 8 1 20 2 6
3 2 14 1 1 4 22
5 2 23 3 26 1 27 5 3 4 6
1 2 16
4 1 13 4 10 2 23 5 2
1 1 14
1 2 20
1 3 14
2 3 21 1 22
1 2 27
3 5 24 1 26 3 13
5 4 15 3 3 2 21 1 5 5 16
4 2 22 5 1 4 10 1 30200000000
5 30
2800 3500
1400 4800
2900 2800
500 3800
3300 4700
2 2 13 4 15
4 4 1 1 22 3 17 5 22
1 3 2
1 3 6
4 1 11 2 5 3 7 5 15
1 5 1
4 2 26 1 21 3 8 5 26
2 3 5 2 26
4 2 30 4 12 3 7 5 14
3 3 8 2 20 5 3
1 5 30
2 1 29 3 3
5 3 3 1 20 5 26 4 9 2 25
3 1 2 2 16 3 5
2 5 5 4 26
5 2 18 5 10 4 18 1 12 3 30
3 2 5 3 27 5 4
4 3 2 4 8 1 20 2 6
3 2 14 1 1 4 22
5 2 23 3 26 1 27 5 3 4 6
1 2 16
4 1 13 4 10 2 23 5 2
1 1 14
1 2 20
1 3 14
2 3 21 1 22
1 2 27
3 5 24 1 26 3 13
5 4 15 3 3 2 21 1 5 5 16
4 2 22 5 1 4 10 1 30200000000
5 30
2800 3500
1400 4800
2900 2800
500 3800
3300 4700
2 2 13 4 15
4 4 1 1 22 3 17 5 22
1 3 2
1 3 6
4 1 11 2 5 3 7 5 15
1 5 1
4 2 26 1 21 3 8 5 26
2 3 5 2 26
4 2 30 4 12 3 7 5 14
3 3 8 2 20 5 3
1 5 30
2 1 29 3 3
5 3 3 1 20 5 26 4 9 2 25
3 1 2 2 16 3 5
2 5 5 4 26
5 2 18 5 10 4 18 1 12 3 30
3 2 5 3 27 5 4
4 3 2 4 8 1 20 2 6
3 2 14 1 1 4 22
5 2 23 3 26 1 27 5 3 4 6
1 2 16
4 1 13 4 10 2 23 5 2
1 1 14
1 2 20
1 3 14
2 3 21 1 22
1 2 27
3 5 24 1 26 3 13
5 4 15 3 3 2 21 1 5 5 16
4 2 22 5 1 4 10 1 30200000000
5 30
2800 3500
1400 4800
2900 2800
500 3800
3300 4700
2 2 13 4 15
4 4 1 1 22 3 17 5 22
1 3 2
1 3 6
4 1 11 2 5 3 7 5 15
1 5 1
4 2 26 1 21 3 8 5 26
2 3 5 2 26
4 2 30 4 12 3 7 5 14
3 3 8 2 20 5 3
1 5 30
2 1 29 3 3
5 3 3 1 20 5 26 4 9 2 25
3 1 2 2 16 3 5
2 5 5 4 26
5 2 18 5 10 4 18 1 12 3 30
3 2 5 3 27 5 4
4 3 2 4 8 1 20 2 6
3 2 14 1 1 4 22
5 2 23 3 26 1 27 5 3 4 6
1 2 16
4 1 13 4 10 2 23 5 2
1 1 14
1 2 20
1 3 14
2 3 21 1 22
1 2 27
3 5 24 1 26 3 13
5 4 15 3 3 2 21 1 5 5 16
4 2 22 5 1 4 10 1 30200000000
5 30
2800 3500
1400 4800
2900 2800
500 3800
3300 4700
2 2 13 4 15
4 4 1 1 22 3 17 5 22
1 3 2
1 3 6
4 1 11 2 5 3 7 5 15
1 5 1
4 2 26 1 21 3 8 5 26
2 3 5 2 26
4 2 30 4 12 3 7 5 14
3 3 8 2 20 5 3
1 5 30
2 1 29 3 3
5 3 3 1 20 5 26 4 9 2 25
3 1 2 2 16 3 5
2 5 5 4 26
5 2 18 5 10 4 18 1 12 3 30
3 2 5 3 27 5 4
4 3 2 4 8 1 20 2 6
3 2 14 1 1 4 22
5 2 23 3 26 1 27 5 3 4 6
1 2 16
4 1 13 4 10 2 23 5 2
1 1 14
1 2 20
1 3 14
2 3 21 1 22
1 2 27
3 5 24 1 26 3 13
5 4 15 3 3 2 21 1 5 5 16
4 2 22 5 1 4 10 1 30200000000
5 30
2800 3500
1400 4800
2900 2800
500 3800
3300 4700
2 2 13 4 15
4 4 1 1 22 3 17 5 22
1 3 2
1 3 6
4 1 11 2 5 3 7 5 15
1 5 1
4 2 26 1 21 3 8 5 26
2 3 5 2 26
4 2 30 4 12 3 7 5 14
3 3 8 2 20 5 3
1 5 30
2 1 29 3 3
5 3 3 1 20 5 26 4 9 2 25
3 1 2 2 16 3 5
2 5 5 4 26
5 2 18 5 10 4 18 1 12 3 30
3 2 5 3 27 5 4
4 3 2 4 8 1 20 2 6
3 2 14 1 1 4 22
5 2 23 3 26 1 27 5 3 4 6
1 2 16
4 1 13 4 10 2 23 5 2
1 1 14
1 2 20
1 3 14
2 3 21 1 22
1 2 27
3 5 24 1 26 3 13
5 4 15 3 3 2 21 1 5 5 16
4 2 22 5 1 4 10 1 30200000000
5 30
2800 3500
1400 4800
2900 2800
500 3800
3300 4700
2 2 13 4 15
4 4 1 1 22 3 17 5 22
1 3 2
1 3 6
4 1 11 2 5 3 7 5 15
1 5 1
4 2 26 1 21 3 8 5 26
2 3 5 2 26
4 2 30 4 12 3 7 5 14
3 3 8 2 20 5 3
1 5 30
2 1 29 3 3
5 3 3 1 20 5 26 4 9 2 25
3 1 2 2 16 3 5
2 5 5 4 26
5 2 18 5 10 4 18 1 12 3 30
3 2 5 3 27 5 4
4 3 2 4 8 1 20 2 6
3 2 14 1 1 4 22
5 2 23 3 26 1 27 5 3 4 6
1 2 16
4 1 13 4 10 2 23 5 2
1 1 14
1 2 20
1 3 14
2 3 21 1 22
1 2 27
3 5 24 1 26 3 13
5 4 15 3 3 2 21 1 5 5 16
4 2 22 5 1 4 10 1 30200000000
5 30
2800 3500
1400 4800
2900 2800
500 3800
3300 4700
2 2 13 4 15
4 4 1 1 22 3 17 5 22
1 3 2
1 3 6
4 1 11 2 5 3 7 5 15
1 5 1
4 2 26 1 21 3 8 5 26
2 3 5 2 26
4 2 30 4 12 3 7 5 14
3 3 8 2 20 5 3
1 5 30
2 1 29 3 3
5 3 3 1 20 5 26 4 9 2 25
3 1 2 2 16 3 5
2 5 5 4 26
5 2 18 5 10 4 18 1 12 3 30
3 2 5 3 27 5 4
4 3 2 4 8 1 20 2 6
3 2 14 1 1 4 22
5 2 23 3 26 1 27 5 3 4 6
1 2 16
4 1 13 4 10 2 23 5 2
1 1 14
1 2 20
1 3 14
2 3 21 1 22
1 2 27
3 5 24 1 26 3 13
5 4 15 3 3 2 21 1 5 5 16
4 2 22 5 1 4 10 1 30200000000
5 30
2800 3500
1400 4800
2900 2800
500 3800
3300 4700
2 2 13 4 15
4 4 1 1 22 3 17 5 22
1 3 2
1 3 6
4 1 11 2 5 3 7 5 15
1 5 1
4 2 26 1 21 3 8 5 26
2 3 5 2 26
4 2 30 4 12 3 7 5 14
3 3 8 2 20 5 3
1 5 30
2 1 29 3 3
5 3 3 1 20 5 26 4 9 2 25
3 1 2 2 16 3 5
2 5 5 4 26
5 2 18 5 10 4 18 1 12 3 30
3 2 5 3 27 5 4
4 3 2 4 8 1 20 2 6
3 2 14 1 1 4 22
5 2 23 3 26 1 27 5 3 4 6
1 2 16
4 1 13 4 10 2 23 5 2
1 1 14
1 2 20
1 3 14
2 3 21 1 22
1 2 27
3 5 24 1 26 3 13
5 4 15 3 3 2 21 1 5 5 16
4 2 22 5 1 4 10 1 30200000000
5 30
2800 3500
1400 4800
2900 2800
500 3800
3300 4700
2 2 13 4 15
4 4 1 1 22 3 17 5 22
1 3 2
1 3 6
4 1 11 2 5 3 7 5 15
1 5 1
4 2 26 1 21 3 8 5 26
2 3 5 2 26
4 2 30 4 12 3 7 5 14
3 3 8 2 20 5 3
1 5 30
2 1 29 3 3
5 3 3 1 20 5 26 4 9 2 25
3 1 2 2 16 3 5
2 5 5 4 26
5 2 18 5 10 4 18 1 12 3 30
3 2 5 3 27 5 4
4 3 2 4 8 1 20 2 6
3 2 14 1 1 4 22
5 2 23 3 26 1 27 5 3 4 6
1 2 16
4 1 13 4 10 2 23 5 2
1 1 14
1 2 20
1 3 14
2 3 21 1 22
1 2 27
3 5 24 1 26 3 13
5 4 15 3 3 2 21 1 5 5 16
4 2 22 5 1 4 10 1 30200000000
5 30
2800 3500
1400 4800
2900 2800
500 3800
3300 4700
2 2 13 4 15
4 4 1 1 22 3 17 5 22
1 3 2
1 3 6
4 1 11 2 5 3 7 5 15
1 5 1
4 2 26 1 21 3 8 5 26
2 3 5 2 26
4 2 30 4 12 3 7 5 14
3 3 8 2 20 5 3
1 5 30
2 1 29 3 3
5 3 3 1 20 5 26 4 9 2 25
3 1 2 2 16 3 5
2 5 5 4 26
5 2 18 5 10 4 18 1 12 3 30
3 2 5 3 27 5 4
4 3 2 4 8 1 20 2 6
3 2 14 1 1 4 22
5 2 23 3 26 1 27 5 3 4 6
1 2 16
4 1 13 4 10 2 23 5 2
1 1 14
1 2 20
1 3 14
2 3 21 1 22
1 2 27
3 5 24 1 26 3 13
5 4 15 3 3 2 21 1 5 5 16
4 2 22 5 1 4 10 1 30200000000
5 30
2800 3500
1400 4800
2900 2800
500 3800
3300 4700
2 2 13 4 15
4 4 1 1 22 3 17 5 22
1 3 2
1 3 6
4 1 11 2 5 3 7 5 15
1 5 1
4 2 26 1 21 3 8 5 26
2 3 5 2 26
4 2 30 4 12 3 7 5 14
3 3 8 2 20 5 3
1 5 30
2 1 29 3 3
5 3 3 1 20 5 26 4 9 2 25
3 1 2 2 16 3 5
2 5 5 4 26
5 2 18 5 10 4 18 1 12 3 30
3 2 5 3 27 5 4
4 3 2 4 8 1 20 2 6
3 2 14 1 1 4 22
5 2 23 3 26 1 27 5 3 4 6
1 2 16
4 1 13 4 10 2 23 5 2
1 1 14
1 2 20
1 3 14
2 3 21 1 22
1 2 27
3 5 24 1 26 3 13
5 4 15 3 3 2 21 1 5 5 16
4 2 22 5 1 4 10 1 30200000000
5 30
2800 3500
1400 4800
2900 2800
500 3800
3300 4700
2 2 13 4 15
4 4 1 1 22 3 17 5 22
1 3 2
1 3 6
4 1 11 2 5 3 7 5 15
1 5 1
4 2 26 1 21 3 8 5 26
2 3 5 2 26
4 2 30 4 12 3 7 5 14
3 3 8 2 20 5 3
1 5 30
2 1 29 3 3
5 3 3 1 20 5 26 4 9 2 25
3 1 2 2 16 3 5
2 5 5 4 26
5 2 18 5 10 4 18 1 12 3 30
3 2 5 3 27 5 4
4 3 2 4 8 1 20 2 6
3 2 14 1 1 4 22
5 2 23 3 26 1 27 5 3 4 6
1 2 16
4 1 13 4 10 2 23 5 2
1 1 14
1 2 20
1 3 14
2 3 21 1 22
1 2 27
3 5 24 1 26 3 13
5 4 15 3 3 2 21 1 5 5 16
4 2 22 5 1 4 10 1 30200000000
5 30
2800 3500
1400 4800
2900 2800
500 3800
3300 4700
2 2 13 4 15
4 4 1 1 22 3 17 5 22
1 3 2
1 3 6
4 1 11 2 5 3 7 5 15
1 5 1
4 2 26 1 21 3 8 5 26
2 3 5 2 26
4 2 30 4 12 3 7 5 14
3 3 8 2 20 5 3
1 5 30
2 1 29 3 3
5 3 3 1 20 5 26 4 9 2 25
3 1 2 2 16 3 5
2 5 5 4 26
5 2 18 5 10 4 18 1 12 3 30
3 2 5 3 27 5 4
4 3 2 4 8 1 20 2 6
3 2 14 1 1 4 22
5 2 23 3 26 1 27 5 3 4 6
1 2 16
4 1 13 4 10 2 23 5 2
1 1 14
1 2 20
1 3 14
2 3 21 1 22
1 2 27
3 5 24 1 26 3 13
5 4 15 3 3 2 21 1 5 5 16
4 2 22 5 1 4 10 1 30200000000
5 30
2800 3500
1400 4800
2900 2800
500 3800
3300 4700
2 2 13 4 15
4 4 1 1 22 3 17 5 22
1 3 2
1 3 6
4 1 11 2 5 3 7 5 15
1 5 1
4 2 26 1 21 3 8 5 26
2 3 5 2 26
4 2 30 4 12 3 7 5 14
3 3 8 2 20 5 3
1 5 30
2 1 29 3 3
5 3 3 1 20 5 26 4 9 2 25
3 1 2 2 16 3 5
2 5 5 4 26
5 2 18 5 10 4 18 1 12 3 30
3 2 5 3 27 5 4
4 3 2 4 8 1 20 2 6
3 2 14 1 1 4 22
5 2 23 3 26 1 27 5 3 4 6
1 2 16
4 1 13 4 10 2 23 5 2
1 1 14
1 2 20
1 3 14
2 3 21 1 22
1 2 27
3 5 24 1 26 3 13
5 4 15 3 3 2 21 1 5 5 16
4 2 22 5 1 4 10 1 30200000000
5 30
2800 3500
1400 4800
2900 2800
500 3800
3300 4700
2 2 13 4 15
4 4 1 1 22 3 17 5 22
1 3 2
1 3 6
4 1 11 2 5 3 7 5 15
1 5 1
4 2 26 1 21 3 8 5 26
2 3 5 2 26
4 2 30 4 12 3 7 5 14
3 3 8 2 20 5 3
1 5 30
2 1 29 3 3
5 3 3 1 20 5 26 4 9 2 25
3 1 2 2 16 3 5
2 5 5 4 26
5 2 18 5 10 4 18 1 12 3 30
3 2 5 3 27 5 4
4 3 2 4 8 1 20 2 6
3 2 14 1 1 4 22
5 2 23 3 26 1 27 5 3 4 6
1 2 16
4 1 13 4 10 2 23 5 2
1 1 14
1 2 20
1 3 14
2 3 21 1 22
1 2 27
3 5 24 1 26 3 13
5 4 15 3 3 2 21 1 5 5 16
4 2 22 5 1 4 10 1 30200000000
5 30
2800 3500
1400 4800
2900 2800
500 3800
3300 4700
2 2 13 4 15
4 4 1 1 22 3 17 5 22
1 3 2
1 3 6
4 1 11 2 5 3 7 5 15
1 5 1
4 2 26 1 21 3 8 5 26
2 3 5 2 26
4 2 30 4 12 3 7 5 14
3 3 8 2 20 5 3
1 5 30
2 1 29 3 3
5 3 3 1 20 5 26 4 9 2 25
3 1 2 2 16 3 5
2 5 5 4 26
5 2 18 5 10 4 18 1 12 3 30
3 2 5 3 27 5 4
4 3 2 4 8 1 20 2 6
3 2 14 1 1 4 22
5 2 23 3 26 1 27 5 3 4 6
1 2 16
4 1 13 4 10 2 23 5 2
1 1 14
1 2 20
1 3 14
2 3 21 1 22
1 2 27
3 5 24 1 26 3 13
5 4 15 3 3 2 21 1 5 5 16
4 2 22 5 1 4 10 1 30200000000
5 30
2800 3500
1400 4800
2900 2800
500 3800
3300 4700
2 2 13 4 15
4 4 1 1 22 3 17 5 22
1 3 2
1 3 6
4 1 11 2 5 3 7 5 15
1 5 1
4 2 26 1 21 3 8 5 26
2 3 5 2 26
4 2 30 4 12 3 7 5 14
3 3 8 2 20 5 3
1 5 30
2 1 29 3 3
5 3 3 1 20 5 26 4 9 2 25
3 1 2 2 16 3 5
2 5 5 4 26
5 2 18 5 10 4 18 1 12 3 30
3 2 5 3 27 5 4
4 3 2 4 8 1 20 2 6
3 2 14 1 1 4 22
5 2 23 3 26 1 27 5 3 4 6
1 2 16
4 1 13 4 10 2 23 5 2
1 1 14
1 2 20
1 3 14
2 3 21 1 22
1 2 27
3 5 24 1 26 3 13
5 4 15 3 3 2 21 1 5 5 16
4 2 22 5 1 4 10 1 30200000000
5 30
2800 3500
1400 4800
2900 2800
500 3800
3300 4700
2 2 13 4 15
4 4 1 1 22 3 17 5 22
1 3 2
1 3 6
4 1 11 2 5 3 7 5 15
1 5 1
4 2 26 1 21 3 8 5 26
2 3 5 2 26
4 2 30 4 12 3 7 5 14
3 3 8 2 20 5 3
1 5 30
2 1 29 3 3
5 3 3 1 20 5 26 4 9 2 25
3 1 2 2 16 3 5
2 5 5 4 26
5 2 18 5 10 4 18 1 12 3 30
3 2 5 3 27 5 4
4 3 2 4 8 1 20 2 6
3 2 14 1 1 4 22
5 2 23 3 26 1 27 5 3 4 6
1 2 16
4 1 13 4 10 2 23 5 2
1 1 14
1 2 20
1 3 14
2 3 21 1 22
1 2 27
3 5 24 1 26 3 13
5 4 15 3 3 2 21 1 5 5 16
4 2 22 5 1 4 10 1 30200000000
5 30
2800 3500
1400 4800
2900 2800
500 3800
3300 4700
2 2 13 4 15
4 4 1 1 22 3 17 5 22
1 3 2
1 3 6
4 1 11 2 5 3 7 5 15
1 5 1
4 2 26 1 21 3 8 5 26
2 3 5 2 26
4 2 30 4 12 3 7 5 14
3 3 8 2 20 5 3
1 5 30
2 1 29 3 3
5 3 3 1 20 5 26 4 9 2 25
3 1 2 2 16 3 5
2 5 5 4 26
5 2 18 5 10 4 18 1 12 3 30
3 2 5 3 27 5 4
4 3 2 4 8 1 20 2 6
3 2 14 1 1 4 22
5 2 23 3 26 1 27 5 3 4 6
1 2 16
4 1 13 4 10 2 23 5 2
1 1 14
1 2 20
1 3 14
2 3 21 1 22
1 2 27
3 5 24 1 26 3 13
5 4 15 3 3 2 21 1 5 5 16
4 2 22 5 1 4 10 1 30200000000
5 30
2800 3500
1400 4800
2900 2800
500 3800
3300 4700
2 2 13 4 15
4 4 1 1 22 3 17 5 22
1 3 2
1 3 6
4 1 11 2 5 3 7 5 15
1 5 1
4 2 26 1 21 3 8 5 26
2 3 5 2 26
4 2 30 4 12 3 7 5 14
3 3 8 2 20 5 3
1 5 30
2 1 29 3 3
5 3 3 1 20 5 26 4 9 2 25
3 1 2 2 16 3 5
2 5 5 4 26
5 2 18 5 10 4 18 1 12 3 30
3 2 5 3 27 5 4
4 3 2 4 8 1 20 2 6
3 2 14 1 1 4 22
5 2 23 3 26 1 27 5 3 4 6
1 2 16
4 1 13 4 10 2 23 5 2
1 1 14
1 2 20
1 3 14
2 3 21 1 22
1 2 27
3 5 24 1 26 3 13
5 4 15 3 3 2 21 1 5 5 16
4 2 22 5 1 4 10 1 30200000000
5 30
2800 3500
1400 4800
2900 2800
500 3800
3300 4700
2 2 13 4 15
4 4 1 1 22 3 17 5 22
1 3 2
1 3 6
4 1 11 2 5 3 7 5 15
1 5 1
4 2 26 1 21 3 8 5 26
2 3 5 2 26
4 2 30 4 12 3 7 5 14
3 3 8 2 20 5 3
1 5 30
2 1 29 3 3
5 3 3 1 20 5 26 4 9 2 25
3 1 2 2 16 3 5
2 5 5 4 26
5 2 18 5 10 4 18 1 12 3 30
3 2 5 3 27 5 4
4 3 2 4 8 1 20 2 6
3 2 14 1 1 4 22
5 2 23 3 26 1 27 5 3 4 6
1 2 16
4 1 13 4 10 2 23 5 2
1 1 14
1 2 20
1 3 14
2 3 21 1 22
1 2 27
3 5 24 1 26 3 13
5 4 15 3 3 2 21 1 5 5 16
4 2 22 5 1 4 10 1 30
